130
WP_000443455.1/112-271          0.0000000 0.8494291 0.8375511 0.8587038 0.8774945 0.8132321 0.8520583 0.9706433 1.0003856 0.9123032 1.1194269 0.7988208 0.7107287 0.8408514 0.7832722 0.8060445 0.9638510 0.8188690 0.9157354 0.7601278 3.0695107 3.6793953 3.1393785 3.8379079 3.1376491 3.0293667 3.7943651 3.4389843 3.3260843 3.6125301 2.8860513 3.7334026 3.1306733 3.2575805 3.2112692 3.5542339 3.8727105 3.1360638 3.4973640 3.0735581 3.8812125 3.9378877 4.1270074 3.6627189 4.1370739 3.9035486 3.9339338 4.2220070 3.8915815 3.5400278 4.1887670 3.3316131 3.5578426 3.6769378 4.1289554 4.0752969 3.8302271 4.0651625 4.3561653 3.8266797 3.1018640 3.6532748 3.2978675 4.4932625 3.4670415 3.6756837 3.2330287 3.1290704 3.0826059 3.9090569 3.3036081 3.9271508 3.8387435 3.3845689 3.8005648 3.7075067 3.4485883 3.3298784 3.5162891 4.5004359 4.8392862 3.0083951 3.3513084 3.2765764 3.5654513 3.6381256 3.5103912 4.0314568 3.3614456 4.0075274 3.2946223 3.4018468 3.9748748 3.8267397 3.8714852 3.3203208 3.8149944 3.5582104 3.4421763 3.9170928 5.4518212 3.2216150 5.4573997 3.8218192 5.9507826 3.8754866 3.7636879 3.4787625 3.3756925 3.3928798 3.7015333 4.0782400 5.3077968 3.4619013 4.7904358 3.3714560 5.2187573 4.0036577 2.9729809 4.0403600 4.3884598 4.3017265 3.4445279 4.7175143 3.3062712 2.9183473 4.6426388 2.8263478 4.2716425 5.1625518 
WP_037550784.1/139-303          0.8494291 0.0000000 0.9768617 0.9643144 0.7153326 0.1910896 0.7834929 1.0063093 0.8566389 0.7202336 0.9916980 0.8213544 0.8423276 0.8335287 0.8104747 0.3138010 0.9361422 0.8507700 0.8428434 0.7320693 3.2441893 3.4909955 3.2064725 3.0281022 3.4012776 3.1587663 3.1534294 3.6932455 2.8743375 3.1388872 3.3058757 3.6621631 3.5295987 3.3608410 2.8287809 3.1201353 3.1670815 3.2990874 3.5460498 3.5145861 3.7858805 3.6798165 3.7213244 3.6748550 4.0824210 3.4901404 3.4677036 3.9896145 3.5584251 3.4678116 3.4435435 3.5825188 3.5261509 3.8201760 3.7682160 3.5029131 3.1976912 3.6588873 3.6130839 3.1855738 3.4929126 3.4452240 3.8923773 4.5398498 3.7248712 3.6000812 3.3247580 3.4475412 3.4240636 3.8109217 3.5359796 3.6396381 3.6768370 3.2854883 3.3562493 3.7622892 3.3216669 3.5236070 3.7195996 4.1603336 5.3749776 3.7672905 3.4885930 3.5181955 3.3908107 3.2424064 3.3465604 3.8408591 3.4253536 3.2812614 3.4824733 3.4417852 3.3478015 3.5607795 3.3254446 3.7960513 3.7830317 3.5459987 4.0404380 3.5720055 6.3998018 3.8295996 4.9936249 3.3434203 5.0313860 5.2886498 3.9363778 4.0927429 4.3888313 3.5624047 4.2066244 3.8617460 4.7349804 3.7413461 5.0996334 3.7847952 6.0035947 4.8967810 3.5255811 4.8905002 4.1538201 4.1538201 3.0884580 3.7758430 3.5651494 3.4659835 3.8079594 2.3880773 4.0601607 4.6352911 
WP_073146419.1/132-317          0.8375511 0.9768617 0.0000000 0.6875296 0.9557887 0.8630723 0.7894490 0.7046599 0.9868896 0.9880448 1.0451617 0.7837227 0.7433473 0.9666428 0.8653569 0.9671968 0.8395542 0.7082901 0.7306452 1.0141269 3.2997913 3.4346073 4.3041478 4.2846604 3.7259637 3.3320843 3.2547021 3.6170943 4.0924961 4.2292471 3.3239503 3.3158386 3.8799697 3.4947781 3.4046682 3.5328573 4.3627838 3.0141923 4.0711254 3.6399850 4.1422423 3.8827585 5.0694889 4.5616460 4.1276708 4.2315652 3.9282596 4.1664739 4.3491493 3.8225499 4.5563306 4.3994694 4.4290364 4.3784398 4.0271551 3.9839370 3.7581666 3.7415701 4.3330009 3.7099458 4.4236179 4.4711304 4.8976904 4.6705850 4.2018942 4.2192779 3.8830169 3.1635919 3.4589171 3.9978273 3.7501100 3.8536976 4.5600793 3.8087335 4.2179771 4.5951964 3.4953571 3.9127200 3.4503468 5.5211775 6.2874200 3.7026384 3.8866426 3.5903757 3.9197032 3.8732594 3.9471032 3.9654616 3.7679661 4.1627779 4.2839705 3.4426151 3.7293524 3.8724777 3.9523821 4.0077100 4.1811736 3.9071928 3.8546652 3.8356504 4.8615662 4.0506112 4.9740947 4.0082190 4.7698932 3.6370798 5.8797312 4.1678020 4.3041845 4.0546713 5.0817892 4.1859125 5.5138445 3.4863094 5.3870477 3.9860632 4.7315058 4.3214673 4.1841532 3.4957716 4.6871175 4.6047876 3.8332632 4.3293528 4.7382960 3.7805370 4.0190580 3.2685178 4.7117007 5.0957979 
fig|472.24.peg.2049/142-298     0.8587038 0.9643144 0.6875296 0.0000000 0.7832787 0.9332787 0.5004842 0.4215960 0.5973689 0.8054711 0.9561220 0.5071349 0.5975704 0.7035925 0.5786430 0.7905008 0.5300894 0.5494393 0.5225926 0.7374636 3.1445015 3.1333966 3.4456576 3.8000954 3.4429981 3.0970001 3.2710991 2.9635672 3.5614071 3.9968278 2.9885916 3.1853612 3.3366013 2.9725430 2.8124299 3.0913192 4.1319542 2.8646412 3.6188620 3.5310372 4.1841951 4.5998324 4.9233579 4.2970659 4.9279652 4.0600376 4.1073601 4.4638205 4.2666399 3.6727963 4.5769718 4.2634414 4.5010105 4.5711746 4.2258185 4.2109121 3.9039913 4.3802776 4.7473766 3.5648652 3.0464348 3.9093805 3.2849353 3.4894153 3.1681938 3.9693379 3.1625442 3.0027808 2.8131537 3.7936509 3.5129402 3.5956978 3.8924799 3.2813451 3.8623748 3.9198294 3.1574390 3.1743296 3.7686430 4.0445802 4.9504183 3.2251020 3.2187519 3.1695468 3.1646669 2.9117738 3.4072052 3.0903942 2.9724958 3.1070291 2.8672013 3.0425946 3.2794640 2.8059217 3.4539673 3.4726042 3.7170335 3.2874636 2.9835063 3.2253921 5.0175298 3.6335437 5.2341979 3.4014658 4.9020861 3.8627617 4.0034264 3.6707215 3.8963168 3.6821292 4.1415626 3.8371941 4.5480171 3.1618638 5.3446601 3.1174614 5.1297955 3.8879385 3.3784062 4.4206635 4.2188696 4.2188696 2.9502574 4.3410285 2.9602073 2.8119881 4.3724506 2.9793748 4.4646064 5.9331299 
WP_005832174.1/146-296          0.8774945 0.7153326 0.9557887 0.7832787 0.0000000 0.7196368 0.8632463 0.8610014 0.8144508 0.2036632 1.0843744 0.7450995 0.8499326 0.9355800 0.9070925 0.7393662 0.8882835 0.8119329 0.8718669 0.4792613 2.8905890 3.2588905 3.3573433 3.0943108 3.0375924 2.4028423 2.9530744 3.3715402 2.9483401 3.3004488 2.6589234 3.2070094 2.8245397 2.8593250 2.6933598 2.8830085 3.4149142 2.6865750 3.3072984 3.5292775 3.6275985 3.4318937 3.6660985 3.3201206 3.6251621 3.6640172 3.3577295 3.6225360 3.6152711 3.2067176 3.4428703 3.3361101 3.3412155 3.8279519 3.5574801 3.5047517 3.0091631 3.3964270 3.7637975 3.1314655 2.9837998 3.4985338 3.3543528 3.9540075 2.6237620 2.8973230 2.6996410 2.7015845 2.7294310 3.6305884 3.3898183 3.0267088 3.3886757 2.9191567 3.5792064 3.3786029 2.6931659 2.8528007 4.0405830 3.9846903 4.4498364 3.2107582 3.4670603 3.5959165 3.2933072 3.0597088 3.4309673 3.6548589 3.6377770 3.0473449 2.9818764 3.5055294 2.9082263 3.5381549 3.4071997 3.7480885 3.6940170 4.0477206 3.3454905 3.2065130 5.3313189 3.7360067 4.3439271 3.3365555 3.8912573 4.6396517 4.0192235 3.5717567 3.8479907 3.2346509 4.0671950 3.8218903 4.1554095 4.0782185 4.4661037 3.5707958 4.5529613 3.6091565 3.2353469 4.1002344 3.5849813 3.4815881 3.0814140 3.7647563 3.1711890 3.0385121 3.5009543 2.5518217 4.7220224 4.0600346 
WP_084756389.1/147-301          0.8132321 0.1910896 0.8630723 0.9332787 0.7196368 0.0000000 0.6807641 0.9359941 0.9006881 0.7416466 0.9176339 0.7704925 0.8397585 0.8642546 0.8132758 0.2921900 0.8553808 0.7398579 0.8285425 0.6715497 3.1795792 3.3668017 3.4079866 3.1314682 3.1461772 3.0774187 3.3503131 3.5277064 2.8367133 3.1163923 3.1994300 3.3488384 3.2473534 3.3735878 2.7057883 2.8920887 3.2416606 2.9744238 3.6541790 3.2199719 3.5554615 3.7775729 3.4712963 3.5672965 3.9056182 3.7707481 3.2591739 3.5936851 3.8659718 3.5407381 3.6520752 3.6499000 4.0561947 3.8628284 3.4485655 3.3436940 3.0731478 3.3189692 3.9102381 3.0404569 3.2293333 3.3775324 3.6150914 3.8444042 3.7300319 3.4754509 3.2368963 3.3575427 3.1984544 3.7055224 3.3895196 3.6436893 3.6973130 2.9597082 3.3253729 3.6516962 3.2185296 3.4186786 3.2705924 4.4108791 3.8605365 3.6515381 3.3663478 3.2205725 3.0565870 2.6407286 3.1524708 3.6919320 3.0887954 2.9896275 2.9598302 3.1655626 3.1791986 3.5038818 3.4049598 3.4310636 3.6355617 3.2849746 3.6055664 3.2509291 5.2859492 3.5610938 4.0118286 3.1487256 4.3513722 3.8516757 4.2677514 3.5303709 3.3882961 3.3003173 3.7265361 3.7058031 3.9518795 3.4890159 4.4988156 3.3092955 4.5635477 3.6563110 3.0836954 4.1351642 4.0098150 4.0098150 3.2885111 4.0937328 3.6002743 3.5042075 3.7919246 2.2594194 4.0702698 4.0547451 
OBQ40169.1/145-306              0.8520583 0.7834929 0.7894490 0.5004842 0.8632463 0.6807641 0.0000000 0.5797526 0.6147818 0.8782132 0.9278050 0.3673492 0.5523485 0.7017266 0.6265757 0.7559864 0.3364584 0.4110036 0.4375111 0.9619960 3.1620604 3.6954412 3.3630091 3.9402904 3.2223800 2.7563822 3.2893606 3.4001525 3.2724952 3.7842597 2.9721692 3.4495837 3.3854045 2.9100911 3.0829973 3.2807375 3.9083504 2.9056809 3.5649337 4.0383327 4.2685320 4.0372614 4.0171292 4.3409777 4.4266549 4.3044106 3.8777942 4.3233651 3.9836889 3.8229849 4.1906307 3.6982757 4.2616324 4.3300978 4.2928596 4.1599608 3.9362304 4.1492032 4.3647027 3.5563545 3.3748190 3.8725302 3.5195901 4.1442012 3.4136881 3.5714974 3.3343431 2.9374947 3.1166212 3.8565007 3.9182360 3.0882693 4.5391381 3.6761100 4.7310967 3.9635710 3.3248934 3.2071798 3.8850486 4.5482828 4.8733868 3.4491714 3.5106915 3.3637113 3.4155218 3.2486230 3.3922226 3.3348242 3.2458393 3.4000006 3.3534094 3.2232516 3.4397509 3.3007903 3.3426374 3.6169309 3.4329693 3.3768137 3.5847760 3.2404935 6.1040143 4.2104872 5.6761773 4.0831442 5.2337724 4.5529735 4.9341793 4.3351511 4.7583476 3.8343164 4.4083088 4.6922724 5.6143351 4.2481427 5.7095292 3.9981572 5.0379908 4.6970310 3.9811716 4.5786013 4.4323654 4.3437367 3.4703278 4.5639912 3.4320171 3.1731432 4.3698763 3.0500815 4.6769792 5.5056958 
KKZ12857.1/156-314              0.9706433 1.0063093 0.7046599 0.4215960 0.8610014 0.9359941 0.5797526 0.0000000 0.7888351 0.8908489 1.0304007 0.6526953 0.8115537 0.7587544 0.7366976 0.9026226 0.6416472 0.6360875 0.6785727 0.8487356 3.0212229 2.9544597 3.8734809 3.5640416 3.3390110 2.9370415 2.9007947 2.9929477 3.5897954 3.7220715 2.7635894 2.8513988 3.3173603 3.2415146 2.7662985 2.8524119 4.1159454 2.7324751 3.5270612 3.2317675 4.1025478 4.2042180 4.3462701 4.1279807 4.5713575 4.2972389 4.0006912 4.1026612 4.2580082 3.7990447 4.0171052 4.2158086 4.2737547 4.6897638 4.2194631 4.1278653 3.8268072 4.0248212 4.2520156 3.6818128 2.8818436 3.7227195 3.2207511 3.9149941 3.0775374 3.4438203 3.2599941 2.4810617 2.6037394 3.4202580 3.6138969 2.9344959 3.5973268 3.4851251 3.8043581 3.8142050 2.9430846 2.7007210 3.6793065 4.3366886 3.3077837 3.0604474 3.3995925 3.3285548 3.4033486 3.2552010 3.4984627 3.1116471 3.4488219 3.3043451 2.9890389 3.1035996 3.3784770 2.8503337 3.7128126 3.6760041 3.8305973 3.3556557 2.9303327 3.2603141 5.3318717 4.0630842 5.1712634 3.7594718 4.7536394 4.3481987 4.6636161 4.3587572 4.1091685 3.8867641 4.2783763 4.2090682 5.1966183 3.7924562 5.4426580 3.7714346 4.7880799 4.1352177 3.6376635 3.8818813 4.5527832 4.4611413 3.3761615 4.1281439 2.4738527 2.4454044 4.2515516 3.1069535 5.2712298 5.0798006 
WP_023214366.1/147-306          1.0003856 0.8566389 0.9868896 0.5973689 0.8144508 0.9006881 0.6147818 0.7888351 0.0000000 0.8749977 0.9407293 0.7512756 0.7019813 0.5045371 0.8624458 0.9378755 0.6329725 0.8128262 0.8090912 0.8312340 3.0754807 3.3929965 3.2058146 3.4404285 3.0768548 2.8156241 2.8247350 3.4032495 3.1656785 3.5863001 2.9898967 3.3662117 3.8051475 3.2199278 2.9345991 2.9579911 3.7581054 2.9377078 3.4391968 3.6880515 4.4307843 4.4986434 4.7779473 4.0094577 4.6629009 4.3079171 4.1163717 4.3624131 4.3131520 3.6605981 4.4041658 4.0845494 3.9866949 4.6458711 4.4030189 4.2313522 4.1966431 4.4616153 4.8049626 3.8937044 3.3630039 3.7375171 3.7584283 3.5626051 3.3841201 3.8008011 3.4780071 2.5963298 2.8057172 3.6791859 3.5220222 3.2744767 3.8610847 3.2337252 3.7133914 3.6451459 3.1026730 2.9956562 3.9325148 4.4708241 4.0772216 3.3797892 3.2309598 3.3714430 3.4852586 3.1198977 3.2469456 3.3434140 3.4357353 3.2934507 3.1809418 3.2409554 3.6249619 3.2204471 3.5476452 3.5847759 3.5125514 3.5316608 3.5685887 3.3233858 5.0921798 3.9401032 4.5491045 3.5094223 4.4552926 4.4750153 4.9941577 4.0850520 4.8120055 3.9157166 3.9132707 4.0794509 4.5724551 3.5394304 5.1177011 3.7638796 4.7123811 4.5045323 3.3033622 4.4377956 4.4351322 4.4690505 3.0835408 3.9998397 4.3510955 3.2022335 3.8050496 3.5466314 4.5280892 4.5550268 
WP_021311113.1/146-297          0.9123032 0.7202336 0.9880448 0.8054711 0.2036632 0.7416466 0.8782132 0.8908489 0.8749977 0.0000000 1.0393769 0.7346929 0.9342286 0.9333279 0.8873110 0.7096748 0.8917692 0.8069471 0.8508594 0.5225479 2.8828906 3.1766994 3.4489029 3.3030859 3.1000705 2.5093005 2.9071124 3.2637040 3.1531367 3.5184776 2.5700691 3.1775181 2.8349933 2.8083519 2.8200620 2.9992141 3.6878218 2.7517666 3.3202909 3.5271799 4.0412972 3.6898493 3.9538887 3.5547935 4.0506370 3.7938453 3.6535972 3.8986154 3.6694635 3.2220425 3.7184038 3.7502637 3.3541684 3.9762144 3.7977655 3.6834993 3.2611368 3.7086383 3.8840638 3.5132859 2.8984197 3.5443400 3.3394030 3.8714664 2.7703679 3.2217582 2.6848372 2.8178936 2.9959258 3.6928409 3.4103720 3.0947642 3.4024683 2.8724707 3.8845997 3.3527633 2.6837286 2.9762683 3.7009978 4.2555568 4.5591075 3.3094797 3.7132794 3.7958015 3.4649078 3.3071028 3.5259868 3.6759543 3.6549391 3.2282173 2.9404185 3.5787412 3.1330098 3.5119966 3.6148058 3.7855993 3.6902013 3.9347511 3.4967629 3.3486837 5.4169649 3.6526663 4.7634838 3.4756147 4.3699571 4.7602559 4.0792065 3.4889783 4.3976855 3.2764989 4.3865490 3.9514791 4.2301412 4.0981736 4.6521267 3.7212989 5.0964011 3.8936030 3.2841903 4.1401568 3.9076372 3.7922792 3.1597002 3.5767686 3.0956041 3.0492867 3.3532003 2.3987955 4.8793310 4.2232876 
WP_090757538.1/107-294          1.1194269 0.9916980 1.0451617 0.9561220 1.0843744 0.9176339 0.9278050 1.0304007 0.9407293 1.0393769 0.0000000 0.9730597 0.8863721 1.1323532 0.8547252 1.0977720 0.9572505 0.9966195 0.9804273 1.1716508 3.6935089 3.3996025 3.9393066 3.8608852 3.5922652 3.3539912 3.2612490 3.6398513 3.5736087 3.3639277 3.6033713 3.6799029 3.8533279 3.8407223 3.2767623 3.6501131 3.5890332 3.3248216 3.9045450 3.5785731 4.4076224 4.3968184 5.1763849 4.7854240 4.6351201 4.8117718 4.3043057 4.8756061 4.1845443 4.1437313 4.3842404 4.6005328 4.0221413 3.9578680 4.2464991 4.3783564 3.8708437 4.7444299 4.7028618 4.3356618 3.9583527 4.0581369 3.9570316 4.6523166 4.2842195 4.1120952 3.4237529 3.3291365 3.7929183 3.9503848 3.5266766 3.7992275 3.6618346 3.6211361 3.9630724 3.6656101 3.8165941 3.7587892 3.7680466 5.2574972 6.7176043 3.7450124 3.4516687 3.5587893 3.5352592 3.9705339 3.5356483 3.9018606 3.4368124 3.8117403 3.9188165 3.2023162 3.7377197 4.1686466 3.5964045 3.7319560 3.6878913 3.5990968 3.7573820 3.5481253 5.7139222 4.1972455 4.6145498 3.7101271 4.7109422 4.8266418 4.4299242 4.6957299 4.3996653 3.5843800 4.0435738 4.0310581 4.5715650 4.0638024 4.7841347 3.7665801 4.0108925 4.2955240 3.9966510 5.1719965 4.8593212 4.7661390 3.4491459 4.8205973 4.1554939 3.8110913 4.6336167 3.1342763 4.7362905 5.6857644 
PIP54392.1/154-305              0.7988208 0.8213544 0.7837227 0.5071349 0.7450995 0.7704925 0.3673492 0.6526953 0.7512756 0.7346929 0.9730597 0.0000000 0.5324102 0.7008081 0.6705395 0.7174000 0.4207067 0.3163278 0.3474682 0.8509302 2.7555488 3.4303947 3.2516241 3.8119280 3.2059482 2.4311652 3.0965617 3.0895277 3.0201873 3.3002788 2.6744181 3.3245798 3.0228926 2.8705148 2.8994010 3.1088445 3.5368530 2.6808773 3.2959557 3.8422925 4.1012157 3.8996349 3.7255353 3.9236379 4.2309552 3.9866468 3.8062589 3.8086587 4.2558747 3.5008110 3.9816958 3.7626016 3.9284422 4.0478582 3.8436103 3.7053631 3.3312579 3.6632369 4.2948012 3.2111365 3.2213293 3.6891675 3.4989891 3.9164414 3.2469171 3.4914501 3.2329431 2.8531648 3.1362950 3.4858547 3.6476391 3.4724397 3.9587154 3.5432567 4.2507764 3.7886368 2.9634293 3.0342147 3.4380682 4.6458237 4.3679062 3.5731219 3.3954834 3.5637860 3.7322477 3.3767647 3.5954856 3.2346329 3.4972127 3.6633200 3.0054496 3.5267306 3.3384928 3.2776773 3.4761898 3.8110226 3.6457111 3.6851476 3.4004303 3.4121971 5.1889394 3.4320812 4.8792402 3.9685576 4.4114880 4.4521496 3.8799370 3.6469080 4.2176303 3.5455433 4.2019557 3.9167380 4.8017288 3.7287104 4.4948391 3.5241326 4.6537142 4.3115992 3.7177142 4.1644558 4.5188318 4.4243879 3.2947432 4.2808744 3.3290972 2.9353272 4.1445031 2.4632361 4.7397750 4.7191515 
WP_038466650.1/155-292          0.7107287 0.8423276 0.7433473 0.5975704 0.8499326 0.8397585 0.5523485 0.8115537 0.7019813 0.9342286 0.8863721 0.5324102 0.0000000 0.7056638 0.7118528 1.0082021 0.5820712 0.5455886 0.5653203 0.8907102 3.2434285 2.9978272 3.0149594 3.3211739 3.0734744 2.7704946 3.3544000 3.0908217 2.8618101 3.0393634 3.1080722 3.1864024 2.9710784 2.9901924 2.7997167 3.0484288 3.0572505 2.7880897 3.3329134 3.5941684 3.9536135 3.5181849 3.1786219 3.5237610 3.8373434 3.4443463 3.3432139 3.7020249 3.5065303 2.8515344 3.5596207 3.4786978 3.2778773 3.9434600 3.6536172 3.2944612 3.3943338 3.2240286 3.7842882 3.3302841 2.9778579 3.5453060 3.3604384 3.7420585 2.9066078 3.2061944 2.9471532 2.5739679 2.6505130 3.7033402 3.4392081 3.2558778 3.8128150 3.6267302 3.6121379 3.7096191 3.2074827 2.9869069 3.0871338 3.5426606 4.1409187 2.9297565 3.3909035 3.1103615 3.5910352 3.0084228 2.9473094 3.4638188 3.1884026 3.4152934 2.9475532 3.0415216 3.2989982 3.0268120 3.3730351 3.4715531 3.6153719 3.5788886 3.5376423 3.2573405 5.3865348 3.6640253 4.2588159 3.7101273 4.5267410 3.5298802 3.8801338 3.6190818 4.0599772 3.6396687 4.0205586 4.3574461 4.3014233 3.7741134 4.2539801 3.6225625 4.4908001 3.7781007 3.3026348 4.7343953 3.6417472 3.6417472 2.7701501 3.8212120 3.3611564 3.1825446 3.9641696 2.1483391 4.1486180 3.9681268 
WP_012443030.1/154-302          0.8408514 0.8335287 0.9666428 0.7035925 0.9355800 0.8642546 0.7017266 0.7587544 0.5045371 0.9333279 1.1323532 0.7008081 0.7056638 0.0000000 0.8364822 0.8400176 0.7834223 0.7907863 0.8703385 0.8419289 3.0264096 3.3671150 3.1386353 3.2487032 3.0150612 2.8356767 2.9350337 3.2891520 2.9840588 3.1021218 2.7387752 3.5608281 3.4058152 3.0748147 3.0926950 3.0114307 3.1426621 3.1197327 3.7204434 3.6903146 4.2545169 4.3221360 3.9091641 3.9554828 4.4486473 4.1347337 4.1128089 4.3447526 4.5164422 3.6660879 4.3095637 3.9943931 3.8727126 4.4865322 4.5055479 4.2065431 4.1126399 4.5257377 4.5372045 4.0871912 3.2185476 3.6170105 3.7172688 3.8451408 3.3106638 4.0527534 3.1762070 2.4443635 2.4820256 3.4907781 3.3462251 3.0235146 3.9917049 3.9019586 3.8135480 3.8567415 3.5561059 2.6357271 3.8394201 4.2251044 4.3475661 3.5349093 3.1928272 3.5205221 3.8521480 2.9891187 3.6260275 3.7326932 3.5201895 3.3501693 3.3226125 3.4430286 3.3755719 3.6426870 3.2229664 3.7541123 3.6351950 3.7635882 3.5210016 3.5960909 5.3749849 3.9376263 5.1256145 3.8969542 4.5931903 4.3301359 4.5801906 4.1019927 4.2317949 4.3241398 4.5722996 4.2606979 5.3894055 3.7553640 4.6046821 3.6014015 5.2008033 4.6900058 3.3861653 4.5186658 4.2651235 4.1779260 3.1907135 3.9784123 4.2957022 3.0450566 3.6011365 3.0010389 5.0494460 4.3053491 
WP_084791014.1/139-294          0.7832722 0.8104747 0.8653569 0.5786430 0.9070925 0.8132758 0.6265757 0.7366976 0.8624458 0.8873110 0.8547252 0.6705395 0.7118528 0.8364822 0.0000000 0.8174765 0.7304262 0.7102787 0.6639795 0.8270068 3.1038980 3.1938872 3.1566666 3.3063856 3.2509789 3.0198518 3.5223018 3.2529057 3.3238467 3.3386116 3.1552638 3.6915237 3.7374554 3.2050429 2.9444331 3.2535957 3.3075878 3.3329829 3.3405839 3.5965213 4.8043755 4.5492745 4.7041413 4.5890481 4.7063606 4.1393917 4.5229689 5.1531656 4.4018539 3.6312566 4.5105577 3.7711698 4.0136904 4.3653409 4.4704576 4.7137397 4.0603820 4.9018031 4.9786489 3.8308833 3.3695818 4.2296127 3.8493971 3.9036341 3.6237612 4.0692084 3.5524148 3.0797952 3.1788760 4.2729736 3.4183770 3.5363511 3.7167767 3.4297402 3.8806598 3.5545367 3.6038615 3.3336998 3.3700481 4.8537071 6.0316685 3.7245303 3.5464953 3.1489811 3.3902424 3.5080585 3.2781926 3.8105530 3.1712528 3.9727654 3.3779490 3.1374285 3.4622586 3.6407843 3.0767157 3.5168102 3.3522787 3.3914491 3.3705726 3.7040385 5.4614428 4.1303305 5.3872204 3.1084118 5.2415891 4.2190427 4.6697192 3.9892847 3.7836765 3.6930213 4.1582282 3.7448434 5.4467224 3.3306196 5.1846854 3.3264189 5.5721128 4.5441265 3.6160528 4.3254437 4.4677670 4.3753586 3.3354875 4.0390857 4.1126724 3.2764602 3.9815166 3.5201726 5.1149009 5.6687796 
WP_002464583.1/148-302          0.8060445 0.3138010 0.9671968 0.7905008 0.7393662 0.2921900 0.7559864 0.9026226 0.9378755 0.7096748 1.0977720 0.7174000 1.0082021 0.8400176 0.8174765 0.0000000 0.8409108 0.7704538 0.7574663 0.6192365 3.1048860 3.4975783 3.3452457 3.3889933 3.2582013 2.8986428 3.3791604 3.5898925 3.0201058 3.3672142 2.9853748 3.4493865 3.4501006 3.3451238 2.7671556 3.2622306 3.5445566 3.2416431 3.6280734 3.4544466 3.5229493 3.8721928 3.3587407 3.5556298 3.9617627 3.6906655 3.4049168 3.7802048 3.6372803 3.3753464 3.5108714 3.5642241 3.5288693 3.7607631 3.7169581 3.5175185 3.2737431 3.7166482 3.6311578 3.2456231 3.2876053 3.6947925 3.4943862 4.1523269 4.0479141 3.6315038 3.5084335 3.1908623 3.1734484 3.7417193 3.7561255 3.7131311 3.8344456 3.2294972 4.0870601 3.7064319 3.3365888 3.3670473 3.5822282 4.9033260 4.3429893 3.6983112 3.2775275 3.5898997 3.1555809 3.2138566 3.3492890 3.3326752 3.3961511 3.3810413 3.1636369 3.5229889 3.3890897 3.2276450 3.3900020 3.6473107 3.7513742 3.4721299 3.2770083 3.3353000 5.0407861 3.8723310 4.3565180 3.4088254 3.9288695 4.8845097 4.0275291 3.6194960 3.8679667 3.2989281 4.4096313 3.9454720 4.1276137 3.6773516 4.1063111 3.6258976 4.7412743 4.0801192 3.3445824 4.5274622 4.5913599 4.4969843 3.4848245 3.8683400 2.7503780 3.0882444 3.7940928 2.7678545 4.6232447 4.5757845 
WP_015169584.1/126-277          0.9638510 0.9361422 0.8395542 0.5300894 0.8882835 0.8553808 0.3364584 0.6416472 0.6329725 0.8917692 0.9572505 0.4207067 0.5820712 0.7834223 0.7304262 0.8409108 0.0000000 0.5004056 0.4461141 0.9261661 2.9444939 3.3709692 3.2994409 3.7233966 3.4837060 2.6713106 3.5697354 3.2150277 3.1389397 3.5533145 3.0780855 3.5369527 3.3598948 2.8609958 2.6958818 3.2262399 3.6169332 2.8284262 3.8026644 3.7626627 4.2697225 4.1071694 3.7154493 4.0943927 4.2523195 3.7984459 3.8401298 3.7527270 3.7628432 3.3245958 3.9419193 4.0096950 4.5666573 4.1472262 4.1387109 3.8892239 3.4218667 3.9730036 3.9721240 3.6996908 2.9565021 3.9731746 3.2665413 3.8520408 3.3055516 3.2861880 3.5543036 2.8572871 3.0090079 3.7553164 3.2792971 3.3416614 3.9639351 3.2146039 4.1642193 3.9555551 3.2587990 3.0295690 3.7249773 4.1893483 5.5180846 3.3061603 3.5196155 3.4548724 3.5695146 3.2032731 3.2792001 3.3527236 3.2280132 3.5219891 3.0713519 3.4600798 3.3549337 3.1428302 3.5299958 3.5163105 3.4988194 3.3861568 3.1609669 3.2762666 5.3817454 3.8156639 4.7979852 4.4206909 4.2220629 4.2547685 4.8757521 4.1430664 4.4847050 4.1977052 4.4715581 4.7149218 5.3249626 4.0419736 4.9238412 4.0233327 4.8772404 4.2777061 4.0310780 4.4245358 4.6604846 4.6604846 3.3288117 4.4846038 3.3414732 2.9665082 4.1039064 2.5874093 4.5756138 5.0141106 
WP_091171835.1/150-307          0.8188690 0.8507700 0.7082901 0.5494393 0.8119329 0.7398579 0.4110036 0.6360875 0.8128262 0.8069471 0.9966195 0.3163278 0.5455886 0.7907863 0.7102787 0.7704538 0.5004056 0.0000000 0.2129011 0.8550565 3.3523667 3.4575478 3.4563023 3.8881990 3.5250901 2.7842073 3.3607767 3.1656789 3.4112292 3.6663447 3.3035806 3.4807604 3.3240958 3.2002146 2.8766456 3.2419933 3.6406916 2.8065608 3.7199378 3.9478920 4.5920259 4.6075272 4.6564166 4.4296994 4.7128716 4.1309097 4.3368788 4.4514751 4.3231148 3.7231696 4.4643336 4.3119716 4.4672670 4.9540804 4.3260274 4.4449805 4.2005239 4.2312633 4.7675749 3.8214016 3.5295573 4.2505858 3.7090789 3.6428693 3.5639786 3.6578829 3.3214914 3.1523345 3.1663052 3.8740624 3.9060110 3.4601506 4.0070081 3.7016969 4.4156459 3.9975130 3.1200041 3.3901494 3.7968714 4.6798949 4.7294526 3.4155476 3.8255969 3.6507777 3.7356923 3.3105110 3.4526724 3.6105330 3.4892882 3.5809754 3.1873398 3.4050281 3.5737262 3.4372410 3.5688546 3.8548793 3.5261673 3.4694287 3.4165921 3.4717082 6.0843773 3.9442577 6.0370502 4.0415403 5.3390706 4.4251670 4.2794062 3.9170027 4.1895701 3.7881492 4.6241258 4.2189251 5.5953071 3.7435128 6.1395326 3.7971544 5.0565438 4.1164224 3.7475748 4.4592054 4.7078128 4.6121477 3.3663146 5.4687768 3.1292979 3.3718545 5.0994634 2.4765941 3.8941750 5.6645247 
WP_090659783.1/148-304          0.9157354 0.8428434 0.7306452 0.5225926 0.8718669 0.8285425 0.4375111 0.6785727 0.8090912 0.8508594 0.9804273 0.3474682 0.5653203 0.8703385 0.6639795 0.7574663 0.4461141 0.2129011 0.0000000 0.8649755 3.1429154 3.5840114 3.3515948 3.6580559 3.4791936 2.7594632 3.1687284 3.3057635 3.3431218 3.4565816 3.1647107 3.4584933 3.4112679 3.0620778 2.8817571 3.3100716 3.5831285 2.8055558 3.9453196 4.1703295 4.8132979 4.5636200 4.8186564 4.6787401 5.1175794 4.2964307 4.6114120 4.4310899 4.4393733 3.7384692 4.5875636 4.2599857 4.2708480 4.9715563 4.4702868 4.5543037 4.1122729 4.4453580 4.9076574 3.7452495 3.3469362 3.9962076 3.4188525 3.7874112 3.5762287 3.8985467 3.5279968 2.9841010 3.0361004 3.8424446 3.8002410 3.5301492 4.1577380 3.5094589 4.3589779 3.8069920 3.1808057 3.3558200 3.6695120 4.7411840 4.7383646 3.5614599 3.4103880 3.3196138 3.3255789 3.4138516 3.1802258 3.5547492 3.1947401 3.5936918 3.0441573 3.1992958 3.2407380 3.3262506 3.3700345 3.4380043 3.2854305 3.3453888 3.5923739 3.4398515 5.8372967 4.1753260 5.7541967 4.0108002 4.7907456 4.9545000 4.5890064 4.1258575 4.5405695 3.7569178 4.7295634 4.2355647 5.2648993 3.7445259 5.3508672 3.7414180 4.8078511 4.5414317 4.0143966 4.8365400 4.6633268 4.5657835 3.3855467 5.0346177 3.4009147 3.3048863 4.7416187 2.8803565 4.1362445 5.7888869 
WP_074452852.1/143-296          0.7601278 0.7320693 1.0141269 0.7374636 0.4792613 0.6715497 0.9619960 0.8487356 0.8312340 0.5225479 1.1716508 0.8509302 0.8907102 0.8419289 0.8270068 0.6192365 0.9261661 0.8550565 0.8649755 0.0000000 3.0002105 3.4077810 3.5000443 3.1823137 3.3012739 2.8827483 3.2907143 3.3724976 3.0919471 3.2012244 2.7633249 3.3614411 3.1738904 2.8743246 3.0171960 3.0433115 3.3934430 3.0215034 3.6347882 3.4303808 3.8254684 3.7314878 4.0521293 3.6667785 3.9157186 3.8853537 3.3967039 3.9305842 4.0398798 3.5722498 3.7713823 3.7896404 3.7027911 4.1177307 3.9025904 4.1024150 3.4448819 4.1327927 4.3239184 3.7932268 3.4131617 3.5021030 4.0358690 3.9776781 3.2385755 3.8893913 3.0602411 3.4141834 2.8840115 4.0787810 3.1231527 3.6531241 3.4980389 3.1649600 3.7938918 3.7361658 3.0161899 3.2316733 4.0505549 4.6143611 5.6876642 3.8085878 3.5164315 3.6519561 3.1947892 3.0460170 3.5826483 3.7801464 3.7120158 3.0817498 3.2147442 3.5789016 3.0242741 3.4248552 3.3793610 3.5860460 3.8008058 3.9121811 3.5457093 3.2471796 6.0351684 4.0108318 5.1619113 3.4350571 4.2898559 3.9523114 4.1788970 3.8647705 3.7325272 3.5392429 4.3284260 4.1183588 4.3787039 3.8082862 4.8768679 3.3670489 5.4140475 3.6062911 3.0566889 3.6871187 4.4169832 4.3254807 3.5713710 4.8116597 3.6445791 3.3515944 4.5026248 2.7309329 4.5670969 4.8597086 
PIE57287.1/67-273               3.0695107 3.2441893 3.2997913 3.1445015 2.8905890 3.1795792 3.1620604 3.0212229 3.0754807 2.8828906 3.6935089 2.7555488 3.2434285 3.0264096 3.1038980 3.1048860 2.9444939 3.3523667 3.1429154 3.0002105 0.0000000 1.6931766 1.5722794 1.5270264 1.4609873 0.8171733 1.9429606 1.7917012 1.5235753 1.5226525 0.8776616 1.9280249 1.2121197 0.6376250 1.9939896 1.9774600 1.5157639 1.8029773 1.6338139 1.6982183 2.8686623 2.8094310 2.4473802 2.6181468 2.4129209 2.5794061 3.0086655 2.7702401 2.5858334 2.5636089 2.4633676 2.4853207 2.8673086 2.5942275 2.6172615 2.9096806 2.5972979 2.5535939 2.6560183 2.5990938 1.6708415 1.4062492 1.7581696 2.0518227 1.6543255 2.0338786 1.7327920 1.7675054 1.8320566 2.1242898 2.1348078 1.9976743 2.2231082 2.1023741 2.3643232 2.3675268 2.3278940 1.7070894 2.2474125 2.0993713 1.7730449 1.8659243 1.8115850 1.8614396 2.0244732 1.9506146 1.9624334 1.9371894 1.9073075 1.8607442 2.0038045 1.9261843 2.0166532 1.8268439 2.0852326 1.9695627 1.9676240 2.0671907 1.8520802 1.9000219 4.0082887 3.6299848 3.8229561 3.6902665 3.8884997 3.9998657 3.8755662 3.3057472 3.6472404 3.4869672 3.4030178 3.2035282 3.8240889 2.9696278 3.8337715 3.4481490 3.9572642 3.3029032 3.7787117 3.5621720 2.2196296 2.2241077 1.4846908 1.8226967 2.4759924 1.4373653 1.9126657 2.5137650 2.5307848 4.3491691 
fig|1913989.202.peg.530/373-579 3.6793953 3.4909955 3.4346073 3.1333966 3.2588905 3.3668017 3.6954412 2.9544597 3.3929965 3.1766994 3.3996025 3.4303947 2.9978272 3.3671150 3.1938872 3.4975783 3.3709692 3.4575478 3.5840114 3.4077810 1.6931766 0.0000000 2.1276705 1.8050224 1.9680744 1.5679990 1.9703242 0.4546333 1.9526904 1.8627006 1.6747141 2.0895886 1.6285286 1.6287066 2.0512664 2.0039176 1.9172464 2.0330202 2.1621411 2.3719804 3.0399438 2.7572566 2.7153654 2.8533483 3.1481425 2.7268000 2.8431144 2.7181907 2.7859661 2.6791807 2.6558230 2.5491988 2.8450437 2.5705808 2.5103815 2.8132094 2.6041842 2.4272641 2.4095213 2.8726935 1.8550837 2.1382583 1.9420063 2.4490138 2.2652981 2.2899908 2.0659936 2.1865145 2.1776842 2.4210710 2.2832756 2.1625401 2.3500223 2.5556838 2.3604879 2.6721662 2.4998178 2.2015954 2.6916696 2.5774572 1.9265924 2.0093791 1.9564971 2.0347761 2.1775192 2.0775994 2.3482637 1.8540015 2.0994561 2.1796193 1.9460858 2.1336787 2.2470784 1.8694983 2.2420718 2.2692720 2.2399481 2.1398698 1.8252100 1.9943919 3.9799665 3.8521367 4.1260018 3.8817802 3.7910201 3.5717225 3.5369491 3.8183005 3.2296393 3.4385280 3.7912688 3.5643588 4.3083505 3.2269718 4.0148926 3.5958065 4.2513845 3.5492620 3.7369158 3.6566571 2.0490439 2.0756680 1.9729655 2.2911347 2.2661772 1.8321648 2.4431942 1.7832346 2.6931343 4.2119932 
fig|65393.13.peg.5986/68-274    3.1393785 3.2064725 4.3041478 3.4456576 3.3573433 3.4079866 3.3630091 3.8734809 3.2058146 3.4489029 3.9393066 3.2516241 3.0149594 3.1386353 3.1566666 3.3452457 3.2994409 3.4563023 3.3515948 3.5000443 1.5722794 2.1276705 0.0000000 0.5427899 0.7947392 1.4517812 1.8764898 2.1828105 0.4607819 0.4306299 1.5359544 1.8792655 1.4464773 1.5142481 1.6500447 2.0348452 0.5024563 1.5871807 1.5554096 2.0655173 2.4892730 2.4087762 2.3764948 2.2101115 1.9653846 2.4715752 2.6421773 2.5100583 1.9917104 2.5231639 2.1895360 2.0851206 2.5022547 2.0965460 2.4015039 2.3965958 2.4029845 2.2608286 2.4353807 2.5110876 1.7777445 1.6542675 1.9521093 2.1078730 1.7973730 2.1955014 1.9194288 1.6119266 1.5908983 1.9407573 2.3014868 1.8211094 2.5652968 2.2837443 2.6573939 2.4374247 2.3977245 1.6811862 2.0059546 2.5179554 1.6831808 1.8018430 1.7869001 1.8988291 1.9800358 1.9031684 1.7867893 1.6951399 1.7715682 1.9380969 1.9181474 1.8549524 1.8508563 1.6016657 1.6735245 1.9558990 1.8115581 1.7860539 1.7843668 1.9966298 3.6476858 3.1807620 3.6453714 3.5683139 4.2648701 3.5851289 4.0780385 3.1767687 3.2433092 3.5280393 3.2050119 3.2734571 3.8081435 3.1728031 3.3172126 3.1419713 4.1314810 3.7296854 3.7801127 4.2058210 1.9114730 1.9039794 1.5406911 1.8083784 2.5623609 1.8939197 1.9410127 2.2119938 2.4297501 4.0855400 
fig|1729650.4.peg.4513/85-291   3.8379079 3.0281022 4.2846604 3.8000954 3.0943108 3.1314682 3.9402904 3.5640416 3.4404285 3.3030859 3.8608852 3.8119280 3.3211739 3.2487032 3.3063856 3.3889933 3.7233966 3.8881990 3.6580559 3.1823137 1.5270264 1.8050224 0.5427899 0.0000000 0.8892802 1.4757187 1.8018404 1.9305412 0.3619730 0.4062650 1.4477689 1.8054919 1.4455278 1.4663091 1.7377594 1.8455453 0.4838203 1.5544252 1.5547274 2.0114653 2.5018014 2.6748059 2.5128752 2.4140022 2.3386400 2.7262885 2.8102175 2.5768203 2.4847028 2.6710302 2.2219245 2.3432635 2.7843139 2.4629965 2.5096155 2.6021969 2.3834973 2.3311960 2.5922535 2.5972887 1.8311188 1.5930507 2.1488759 2.0400926 1.9775155 2.2121883 2.0016575 1.7356271 1.7857453 1.9751770 2.3389553 1.9097606 2.6068104 2.2158801 2.8252554 2.4534728 2.2650883 1.7767871 1.8169248 2.6260954 1.9792563 1.8183765 1.7434163 1.7719399 1.8130826 1.7911510 1.6502910 1.7264498 1.7602243 1.8109991 1.8355158 1.6331804 1.6496356 1.6813341 1.8081976 1.8347874 1.9239763 1.6812218 1.7018280 1.8976685 3.8240455 3.5614034 3.4996022 3.1961482 3.8657566 3.8451010 4.1805059 3.1096826 2.8737004 3.2563279 3.5282696 3.7630748 4.1553485 3.1958915 3.6154680 3.3637049 3.9033719 3.5840421 3.5633743 4.1614360 1.9635915 1.9556849 1.6283765 2.0128494 2.2850968 2.0062458 1.9177967 2.2749497 2.3806357 4.7886891 
fig|1809277.3.peg.3395/68-283   3.1376491 3.4012776 3.7259637 3.4429981 3.0375924 3.1461772 3.2223800 3.3390110 3.0768548 3.1000705 3.5922652 3.2059482 3.0734744 3.0150612 3.2509789 3.2582013 3.4837060 3.5250901 3.4791936 3.3012739 1.4609873 1.9680744 0.7947392 0.8892802 0.0000000 1.4285432 1.6177236 1.9383737 0.8649065 0.7488329 1.1985770 1.5026395 1.2338077 1.3022616 1.5451086 1.9601420 0.8412926 1.5238023 1.5940246 1.7891927 2.2717468 2.3138446 2.2234822 2.1100432 1.9482339 2.6347381 2.1698590 2.2886069 1.9202016 2.4029137 2.1814791 2.2401130 2.5232162 1.9941593 2.2432042 2.1630656 2.4162660 2.1408692 2.3175755 2.4598498 1.7958624 1.6710521 1.9010349 1.8028075 1.7413722 1.9802402 1.6503832 1.7441180 1.7835884 1.6696894 2.1782451 1.7662645 2.4696487 2.1018488 2.4945695 2.2875255 2.1765401 1.8502872 2.0525321 2.2575377 2.3834468 2.0033006 1.5841989 1.5081721 1.5865989 1.9969750 1.7252842 1.6146198 1.4797551 1.9489544 1.7484927 1.5872436 1.6974839 1.6184167 1.6708465 1.5778799 1.7037631 1.5669219 1.7833637 2.1364304 3.3686209 3.3140722 3.0861837 3.3194828 3.5022128 3.3248861 4.1750701 3.3916684 3.3262299 3.3651619 3.2367814 3.5513911 3.5422331 3.1870225 3.3822323 3.4771614 3.6185899 3.5566493 3.5540867 3.4491756 1.9249428 1.9175892 1.6001232 1.9778205 2.5377764 1.8624462 2.0077022 1.7394859 2.4715839 4.3964342 
PPD32300.1/78-284               3.0293667 3.1587663 3.3320843 3.0970001 2.4028423 3.0774187 2.7563822 2.9370415 2.8156241 2.5093005 3.3539912 2.4311652 2.7704946 2.8356767 3.0198518 2.8986428 2.6713106 2.7842073 2.7594632 2.8827483 0.8171733 1.5679990 1.4517812 1.4757187 1.4285432 0.0000000 1.6146264 1.8201354 1.3475927 1.4030277 0.6667442 1.7416129 1.0009427 0.6038223 1.8531495 1.8221575 1.4315646 1.7293989 1.4335123 1.6735480 2.4815912 2.3898314 2.3790973 2.3723163 2.4173765 2.6361597 2.6551085 2.2058079 2.3827679 2.3539680 2.0792180 2.1935041 2.6134057 2.0922586 2.4538103 2.5501777 2.2105925 2.2115940 2.3555695 2.4203699 1.5624965 1.4184556 1.7409292 1.8110007 1.5079791 1.8885331 1.6554328 1.6156091 1.6946227 1.9331678 2.3635677 1.8409608 2.1476599 2.2648176 2.4259626 2.2682638 2.3552979 1.6647134 2.2061084 1.9112954 1.7252719 1.8016124 1.6972992 1.7258843 1.8531915 1.5879636 1.7509773 1.8827214 1.6733795 1.6434059 1.6783888 1.6996412 1.7269928 1.8557386 1.8083922 1.8018266 1.7021933 1.8297822 1.7456548 1.5227067 3.6940153 3.7590415 3.8152644 3.4238281 4.0698574 3.5946621 3.9944336 3.4516894 3.4737132 3.2540708 3.5930843 3.1079869 4.1684672 3.1379218 4.3680847 3.4390535 3.8844139 3.7145874 3.8537294 3.2325336 2.0036118 1.9955868 1.4105810 1.6795658 2.5309002 1.5334059 1.7805880 2.4067357 2.6157709 4.2409628 
WP_028490526.1/66-269           3.7943651 3.1534294 3.2547021 3.2710991 2.9530744 3.3503131 3.2893606 2.9007947 2.8247350 2.9071124 3.2612490 3.0965617 3.3544000 2.9350337 3.5223018 3.3791604 3.5697354 3.3607767 3.1687284 3.2907143 1.9429606 1.9703242 1.8764898 1.8018404 1.6177236 1.6146264 0.0000000 2.1756720 1.7978776 1.7827335 1.6741145 0.9311112 2.0244233 1.5037296 0.9978173 0.7219241 1.8422873 1.0681592 1.9094185 2.0720195 2.4624558 2.8044887 2.4258942 2.5350801 2.4591360 2.4922215 2.8379053 2.5088406 2.4862635 2.1668283 2.4208379 2.0475782 2.4757579 2.4601502 2.5369143 2.6696617 2.7132636 2.6881167 2.4668832 2.8537965 2.2205235 2.0503218 2.1566622 2.1916874 2.1709496 2.4144950 1.9137397 2.0501895 2.2458767 0.5911525 2.2074868 1.9322779 1.8797009 2.1136427 2.4817262 1.9281774 2.1079239 2.1758256 2.4871880 2.3428351 1.8237657 1.8043028 1.8286381 1.9789114 2.0038329 1.7729547 2.0142429 2.0081800 2.0509943 1.9162949 2.2188084 1.9561972 2.0453726 1.9627596 1.8711954 2.0699222 1.8958105 2.0204817 1.9039744 2.0553023 3.6263209 3.6031467 3.7881487 3.2097759 3.6275257 3.4332914 3.7196970 3.3395863 3.9020640 3.2752657 3.7027267 3.4611376 3.4907909 3.4936743 3.5765265 3.3911034 3.6207991 3.2330858 3.6760327 3.1107949 2.2076141 2.2374914 1.9049683 1.7492476 2.9156843 2.1580333 2.0038711 2.2545743 2.5013474 3.7051795 
WP_013659858.1/375-581          3.4389843 3.6932455 3.6170943 2.9635672 3.3715402 3.5277064 3.4001525 2.9929477 3.4032495 3.2637040 3.6398513 3.0895277 3.0908217 3.2891520 3.2529057 3.5898925 3.2150277 3.1656789 3.3057635 3.3724976 1.7917012 0.4546333 2.1828105 1.9305412 1.9383737 1.8201354 2.1756720 0.0000000 1.9120268 1.9512526 1.6885112 2.0518528 1.7956767 1.6177765 2.2898774 1.9733934 1.8445874 2.0052801 2.3344570 2.3852575 3.0285999 2.9246427 2.6477386 2.8983331 3.2570043 2.7207140 2.9616699 2.8563182 2.7767277 2.8313154 3.0169629 3.0381171 3.0739809 2.8362656 2.8526775 3.0253210 2.8428144 2.7663046 2.7530359 2.8655653 1.9151651 2.3674105 1.8085420 2.6064124 2.4098863 2.3210761 2.4922419 2.2904005 2.0777223 2.4013044 2.0657028 2.1572587 2.2736313 2.5657595 2.5189268 2.3729003 2.2969081 2.2453467 2.9451117 2.8925463 2.2569358 2.3790597 2.0207659 2.1311896 2.1932867 2.3042031 2.2441230 2.0488279 2.1528916 2.2973588 2.0118830 2.2119657 2.4791663 2.0559929 2.3724139 2.3633157 2.4782406 2.2939944 1.9542180 2.3528288 4.2563048 3.8220173 3.8070372 3.9106544 4.2780035 3.3817108 3.5578436 3.9241928 3.2459252 3.5936506 3.8200438 3.3819629 4.9914184 3.3181224 3.6481614 3.4210463 4.5366035 3.0577979 3.8321538 3.7114188 2.3142662 2.3460723 2.0717374 2.3208089 1.8307140 1.7995114 2.7823015 1.7016546 2.9227453 3.9811007 
fig|1173022.3.peg.668/86-292    3.3260843 2.8743375 4.0924961 3.5614071 2.9483401 2.8367133 3.2724952 3.5897954 3.1656785 3.1531367 3.5736087 3.0201873 2.8618101 2.9840588 3.3238467 3.0201058 3.1389397 3.4112292 3.3431218 3.0919471 1.5235753 1.9526904 0.4607819 0.3619730 0.8649065 1.3475927 1.7978776 1.9120268 0.0000000 0.3187444 1.3071608 1.8938623 1.3606665 1.4211632 1.5468880 2.0611765 0.4050450 1.4564198 1.4407837 1.8606376 2.4788095 2.3565747 2.2497133 2.1432016 2.0002153 2.6177931 2.5096949 2.2344980 2.2252075 2.4686418 2.0710236 2.0618996 2.4419696 2.1755176 2.3632906 2.1492604 2.2879935 2.0325853 2.4396096 2.3846086 1.8511001 1.5965759 2.1469423 2.0260451 1.9012568 1.9563235 1.9137625 1.5924590 1.6664386 1.8056440 2.5162012 1.8416660 2.6882839 2.4905429 2.9490013 2.6184683 2.4423054 1.6999126 1.7952589 2.3880897 1.9584086 1.8456286 1.7258937 1.8299222 1.8357007 1.9986273 1.7857645 1.8232524 1.7755911 1.8875508 1.8218194 1.7169290 1.7063979 1.7956051 1.9076211 1.9570841 1.9423746 1.8088239 1.7362997 2.0545007 3.8287656 3.1259076 3.3881818 3.0995275 4.2013061 3.8279692 3.9299770 2.9353695 3.0730903 3.2213643 3.7431313 3.4202296 4.4042552 3.0544738 3.2576952 3.2631473 4.2744245 3.6109350 3.4426643 3.6203263 1.9606425 1.9530046 1.5271592 1.7866791 2.0442460 1.9420623 1.7889524 2.1084393 2.1322389 4.4207813 
fig|1594576.4.peg.6931/68-274   3.6125301 3.1388872 4.2292471 3.9968278 3.3004488 3.1163923 3.7842597 3.7220715 3.5863001 3.5184776 3.3639277 3.3002788 3.0393634 3.1021218 3.3386116 3.3672142 3.5533145 3.6663447 3.4565816 3.2012244 1.5226525 1.8627006 0.4306299 0.4062650 0.7488329 1.4030277 1.7827335 1.9512526 0.3187444 0.0000000 1.4148310 1.7881099 1.4062087 1.4434218 1.5460392 1.9569935 0.2307934 1.5146544 1.4744532 1.8977795 2.2270967 2.3531965 2.3038819 2.3475295 2.0962288 2.4966007 2.5682188 2.1719475 2.3327314 2.6546673 1.9543145 2.1848595 2.5382160 2.1316629 2.2888121 2.2209300 2.1595457 2.0021646 2.3029686 2.5013474 1.7878150 1.6236799 2.0198915 1.9581736 1.8782875 2.0820893 1.8186586 1.6379155 1.7023011 1.8589202 2.3286745 1.9790264 2.5190995 2.5528949 2.7219784 2.6682952 2.4092606 1.8298238 1.6847066 2.4415522 1.8764128 1.7636471 1.6415338 1.8077090 1.8630585 1.9326795 1.8606633 1.7551301 1.8379051 1.9504123 1.8044844 1.7797968 1.7449598 1.7209089 1.7488109 1.9652185 1.9309396 1.7125569 1.6120674 1.9350537 3.9137894 3.1803316 3.3558457 3.0454795 4.1261999 3.9883893 4.4476021 2.9338298 2.8187457 3.2050192 3.6318165 3.3260953 4.3783678 3.1075189 3.4178830 3.1597413 3.8466720 3.5040417 3.3479180 3.5625160 1.9219470 1.9143784 1.6253669 1.8979248 2.2551687 1.9919772 1.8587205 2.1495737 2.2980200 4.2306226 
