15
MK448228   0.0000000 2.5204182 2.5204182 2.7346238 0.5664955 2.3703744 2.2147220 3.0347429 2.6781970 3.2525179 2.4602169 2.3326853 2.4727481 0.0013039 1.1475523 
MK448731   2.5204182 0.0000000 0.0000010 1.3865461 2.7491558 1.4124050 1.2089423 1.6085451 1.5793463 1.6111869 1.6242702 1.2484248 2.2227588 2.5225144 2.8955394 
MK448781   2.5204182 0.0000010 0.0000000 1.3865461 2.7491558 1.4124050 1.2089423 1.6085451 1.5793463 1.6111869 1.6242702 1.2484248 2.2227588 2.5225144 2.8955394 
MN270258   2.7346238 1.3865461 1.3865461 0.0000000 3.0640140 1.7053553 0.9837092 1.7518932 1.7516579 1.4778170 1.9684885 0.9051845 2.0587928 2.7608042 3.5043574 
MT835550   0.5664955 2.7491558 2.7491558 3.0640140 0.0000000 2.4353462 2.5436178 2.8546949 2.9473723 3.6584637 2.1542402 2.6133065 2.2902739 0.5714373 1.2207858 
MT836027   2.3703744 1.4124050 1.4124050 1.7053553 2.4353462 0.0000000 1.5426972 1.7113553 1.7149769 1.8947139 1.7257722 1.5600950 2.1974017 2.3866904 3.1872281 
MT836071   2.2147220 1.2089423 1.2089423 0.9837092 2.5436178 1.5426972 0.0000000 1.6075437 1.6609069 1.7670037 1.6644175 0.8344149 2.3044090 2.2144879 2.9802731 
MT836602   3.0347429 1.6085451 1.6085451 1.7518932 2.8546949 1.7113553 1.6075437 0.0000000 1.6448149 1.9261053 0.8501464 1.4690503 2.3958898 3.1226184 2.7767264 
MT837010   2.6781970 1.5793463 1.5793463 1.7516579 2.9473723 1.7149769 1.6609069 1.6448149 0.0000000 1.7136565 2.2097955 1.5204052 2.2071073 2.7089283 3.1894643 
MZ422438   3.2525179 1.6111869 1.6111869 1.4778170 3.6584637 1.8947139 1.7670037 1.9261053 1.7136565 0.0000000 2.2330898 1.5837807 2.5257154 3.2898443 4.5209565 
NC_030940  2.4602169 1.6242702 1.6242702 1.9684885 2.1542402 1.7257722 1.6644175 0.8501464 2.2097955 2.2330898 0.0000000 1.6170599 2.1607210 2.5019991 2.5921927 
ON107264   2.3326853 1.2484248 1.2484248 0.9051845 2.6133065 1.5600950 0.8344149 1.4690503 1.5204052 1.5837807 1.6170599 0.0000000 2.3563260 2.3535713 2.8604106 
ON470608   2.4727481 2.2227588 2.2227588 2.0587928 2.2902739 2.1974017 2.3044090 2.3958898 2.2071073 2.5257154 2.1607210 2.3563260 0.0000000 2.4759855 2.3730124 
ON470622   0.0013039 2.5225144 2.5225144 2.7608042 0.5714373 2.3866904 2.2144879 3.1226184 2.7089283 3.2898443 2.5019991 2.3535713 2.4759855 0.0000000 1.1577007 
OQ555808   1.1475523 2.8955394 2.8955394 3.5043574 1.2207858 3.1872281 2.9802731 2.7767264 3.1894643 4.5209565 2.5921927 2.8604106 2.3730124 1.1577007 0.0000000 
